0 0.33275862068965517 0.1724137931034483 0.06551724137931034 0.09195402298850575
0 0.5517241379310345 0.10919540229885058 0.08275862068965517 0.10344827586206896
0 0.6637931034482758 0.05172413793103448 0.07241379310344828 0.09195402298850575
0 0.7 0.29310344827586204 0.07586206896551724 0.11494252873563218
0 0.8982758620689655 0.16666666666666666 0.05172413793103448 0.10344827586206896
0 0.6620689655172414 0.1925287356321839 0.09655172413793103 0.07471264367816091
2 0.3137931034482759 0.3132183908045977 0.1586206896551724 0.2471264367816092
2 0.5379310344827586 0.27586206896551724 0.13793103448275862 0.24137931034482757
2 0.693103448275862 0.47413793103448276 0.11724137931034483 0.21264367816091953
2 0.9189655172413793 0.3620689655172414 0.1 0.24137931034482757
3 0.30689655172413793 0.646551724137931 0.09655172413793103 0.16666666666666666
3 0.4896551724137931 0.5862068965517241 0.041379310344827586 0.14942528735632182
3 0.5672413793103448 0.603448275862069 0.06551724137931034 0.1839080459770115
