2 0.10835913312693499 0.3365384615384615 0.1609907120743034 0.35256410256410253
2 0.26780185758513936 0.42948717948717946 0.1393188854489164 0.4487179487179487
2 0.4086687306501548 0.3782051282051282 0.13622291021671828 0.358974358974359
2 0.5944272445820433 0.3814102564102564 0.14860681114551083 0.40384615384615385
2 0.7616099071207431 0.4006410256410256 0.14241486068111456 0.36538461538461536
2 0.9442724458204335 0.4358974358974359 0.11764705882352942 0.3974358974358974
0 0.12074303405572756 0.09615384615384615 0.08668730650154799 0.1282051282051282
0 0.2863777089783282 0.14743589743589744 0.08359133126934985 0.1282051282051282
0 0.39164086687306504 0.15384615384615385 0.07739938080495357 0.14102564102564102
0 0.6037151702786379 0.1378205128205128 0.07430340557275542 0.1346153846153846
0 0.7662538699690403 0.15705128205128205 0.07739938080495357 0.12179487179487179
0 0.9458204334365325 0.15705128205128205 0.07120743034055728 0.12179487179487179
