2 0.12169312169312169 0.4850187265917603 0.15873015873015872 0.10861423220973783
2 0.31216931216931215 0.5468164794007491 0.15873015873015872 0.1348314606741573
2 0.48148148148148145 0.5655430711610487 0.14814814814814814 0.1348314606741573
2 0.6507936507936507 0.5617977528089888 0.1693121693121693 0.149812734082397
2 0.8703703703703703 0.5711610486891385 0.18518518518518517 0.16104868913857678
0 0.13227513227513227 0.40074906367041196 0.13756613756613756 0.03745318352059925
0 0.47619047619047616 0.4700374531835206 0.1164021164021164 0.04119850187265918
0 0.6481481481481481 0.45880149812734083 0.07936507936507936 0.07116104868913858
0 0.8703703703703703 0.46254681647940077 0.15343915343915343 0.04119850187265918
3 0.1349206349206349 0.7696629213483146 0.15343915343915343 0.07116104868913858
3 0.283068783068783 0.7696629213483146 0.12169312169312169 0.07116104868913858
3 0.4576719576719577 0.7659176029962547 0.14285714285714285 0.07116104868913858
3 0.611111111111111 0.7659176029962547 0.1746031746031746 0.08614232209737828
3 0.7910052910052909 0.7902621722846442 0.14285714285714285 0.0898876404494382
