0 0.08933333333333333 0.26865671641791045 0.034666666666666665 0.08955223880597014
0 0.212 0.2798507462686567 0.056 0.12686567164179105
0 0.284 0.34328358208955223 0.034666666666666665 0.1044776119402985
0 0.428 0.376865671641791 0.050666666666666665 0.09701492537313433
2 0.08 0.39179104477611937 0.07466666666666666 0.17164179104477612
2 0.20533333333333334 0.4514925373134328 0.06933333333333333 0.23134328358208955
2 0.2853333333333333 0.48507462686567165 0.05333333333333333 0.1791044776119403
2 0.432 0.503731343283582 0.064 0.15671641791044777
2 0.344 0.47761194029850745 0.05333333333333333 0.14925373134328357
2 0.568 0.7052238805970149 0.08 0.15671641791044777
