0 0.42625 0.5475 0.0825 0.09
0 0.59875 0.08625000000000001 0.1075 0.0725
3 0.10375000000000001 0.785 0.0675 0.075
3 0.1925 0.7625000000000001 0.1 0.065
3 0.31375000000000003 0.75125 0.10250000000000001 0.0525
3 0.4175 0.7875 0.08 0.06
3 0.5275 0.76625 0.095 0.0475
3 0.59 0.795 0.115 0.07
3 0.8562500000000001 0.84 0.0825 0.06
3 0.69375 0.80875 0.08750000000000001 0.0625
2 0.165 0.32625 0.145 0.2475
2 0.3825 0.34125 0.185 0.3125
2 0.605 0.32 0.17500000000000002 0.29
2 0.81 0.3575 0.17 0.29
