0 0.33714285714285713 0.1575178997613365 0.04285714285714286 0.057279236276849645
0 0.5471428571428572 0.10143198090692125 0.06857142857142857 0.07875894988066826
0 0.6507142857142857 0.18377088305489261 0.055714285714285716 0.06682577565632458
0 0.7028571428571428 0.3031026252983294 0.06285714285714286 0.081145584725537
0 0.67 0.0441527446300716 0.05142857142857143 0.05966587112171838
0 0.8635714285714285 0.162291169451074 0.03571428571428571 0.05250596658711217
0 0.9042857142857142 0.16348448687350836 0.04857142857142857 0.05966587112171838
2 0.695 0.464200477326969 0.10142857142857142 0.18854415274463007
2 0.3171428571428571 0.3233890214797136 0.10857142857142857 0.21241050119331742
2 0.545 0.27446300715990457 0.11 0.18615751789976134
2 0.6278571428571429 0.37828162291169454 0.09285714285714286 0.24105011933174225
2 0.9171428571428571 0.34128878281622915 0.07428571428571429 0.22434367541766112
3 0.31857142857142856 0.6515513126491647 0.06857142857142857 0.11455847255369929
3 0.2785714285714286 0.6396181384248211 0.011428571428571429 0.10501193317422435
3 0.4828571428571429 0.6085918854415274 0.04285714285714286 0.12410501193317423
3 0.56 0.6193317422434368 0.045714285714285714 0.11694510739856802
3 0.5821428571428572 0.7004773269689738 0.02142857142857143 0.15513126491646778
3 0.6192857142857143 0.7064439140811456 0.07285714285714286 0.1575178997613365
3 0.715 0.9200477326968974 0.05857142857142857 0.03102625298329356
3 0.6664285714285715 0.9200477326968974 0.03 0.03102625298329356
2 0.8614285714285714 0.3329355608591886 0.07428571428571429 0.20763723150357996
