0 0.8821478382147838 0.2695167286245353 0.19665271966527195 0.15985130111524162
0 0.6569037656903766 0.34572490706319703 0.10320781032078102 0.14126394052044608
0 0.49651324965132493 0.2211895910780669 0.058577405857740586 0.05204460966542751
0 0.24825662482566246 0.23513011152416355 0.09762900976290097 0.07992565055762081
0 0.099721059972106 0.15985130111524162 0.18549511854951184 0.15613382899628253
2 0.504881450488145 0.4163568773234201 0.11715481171548117 0.22304832713754646
2 0.7168758716875872 0.5892193308550185 0.15341701534170152 0.3420074349442379
2 0.24407252440725244 0.47676579925650553 0.13110181311018132 0.3104089219330855
2 0.09623430962343096 0.5585501858736059 0.18410041841004182 0.5111524163568772
2 0.8417015341701534 0.7425650557620818 0.29428172942817293 0.5185873605947955
2 0.38702928870292885 0.5055762081784386 0.0599721059972106 0.12267657992565055
3 0.4902370990237099 0.8057620817843866 0.05718270571827057 0.05762081784386617
3 0.5599721059972106 0.8215613382899628 0.048814504881450484 0.07063197026022304
3 0.28591352859135283 0.9052044609665427 0.07531380753138076 0.06691449814126393
3 0.3263598326359832 0.8550185873605948 0.06694560669456066 0.05204460966542751
3 0.3933054393305439 0.5882899628252788 0.03905160390516039 0.0241635687732342
