2 0.21272727272727274 0.5437158469945356 0.1781818181818182 0.3879781420765027
2 0.8127272727272727 0.46994535519125685 0.12727272727272726 0.32786885245901637
2 0.49636363636363634 0.40437158469945356 0.07636363636363637 0.17486338797814208
2 0.9418181818181818 0.5710382513661202 0.11636363636363636 0.3224043715846995
0 0.8072727272727273 0.2185792349726776 0.10181818181818182 0.09836065573770492
0 0.94 0.31693989071038253 0.09090909090909091 0.06557377049180328
0 0.49272727272727274 0.2650273224043716 0.04 0.060109289617486336
0 0.2581818181818182 0.22404371584699453 0.11636363636363636 0.12021857923497267
0 0.6981818181818182 0.46994535519125685 0.04363636363636364 0.0546448087431694
0 0.6272727272727273 0.453551912568306 0.04 0.04371584699453552
