2 0.40492957746478875 0.5480225988700564 0.1267605633802817 0.2824858757062147
2 0.5985915492957746 0.4745762711864407 0.09154929577464789 0.23728813559322035
2 0.7042253521126761 0.5169491525423728 0.07746478873239437 0.2542372881355932
0 0.40669014084507044 0.3305084745762712 0.05985915492957747 0.07344632768361582
0 0.5950704225352113 0.268361581920904 0.056338028169014086 0.05084745762711865
0 0.6971830985915494 0.3220338983050847 0.056338028169014086 0.05649717514124294
0 0.2183098591549296 0.3022598870056497 0.056338028169014086 0.06214689265536723
3 0.3609154929577465 0.9209039548022598 0.03169014084507042 0.022598870056497175
3 0.4225352112676056 0.923728813559322 0.028169014084507043 0.02824858757062147
3 0.6003521126760564 0.9152542372881356 0.05985915492957747 0.04519774011299435
3 0.6866197183098591 0.8954802259887006 0.056338028169014086 0.03954802259887005
3 0.2517605633802817 0.8389830508474576 0.0528169014084507 0.03954802259887005
3 0.12323943661971831 0.8107344632768362 0.035211267605633804 0.0847457627118644
