2 0.8398791540785498 0.444078947368421 0.06646525679758308 0.21710526315789472
2 0.6676737160120846 0.4506578947368421 0.054380664652567974 0.21710526315789472
2 0.5120845921450151 0.4572368421052631 0.05740181268882175 0.21710526315789472
2 0.3293051359516616 0.4506578947368421 0.054380664652567974 0.21710526315789472
2 0.16314199395770393 0.4572368421052631 0.07250755287009064 0.20394736842105263
0 0.49697885196374625 0.28618421052631576 0.03323262839879154 0.046052631578947366
0 0.6676737160120846 0.29276315789473684 0.02416918429003021 0.046052631578947366
0 0.8413897280966768 0.28618421052631576 0.027190332326283987 0.05921052631578947
0 0.33081570996978854 0.28618421052631576 0.03323262839879154 0.046052631578947366
0 0.14954682779456194 0.28618421052631576 0.027190332326283987 0.046052631578947366
3 0.8172205438066465 0.6973684210526315 0.021148036253776436 0.039473684210526314
3 0.8534743202416919 0.700657894736842 0.021148036253776436 0.05921052631578947
3 0.6691842900302115 0.700657894736842 0.03323262839879154 0.046052631578947366
3 0.513595166163142 0.6973684210526315 0.02416918429003021 0.05263157894736842
3 0.48942598187311176 0.6875 0.030211480362537763 0.046052631578947366
3 0.32779456193353473 0.694078947368421 0.03323262839879154 0.05921052631578947
3 0.3504531722054381 0.6776315789473684 0.030211480362537763 0.06578947368421052
3 0.14501510574018128 0.6842105263157894 0.02416918429003021 0.05263157894736842
3 0.18277945619335348 0.6875 0.021148036253776436 0.05921052631578947
