0 0.175 0.2606060606060606 0.09545454545454544 0.08484848484848485
0 0.6227272727272727 0.2636363636363636 0.08181818181818182 0.07878787878787878
0 0.7568181818181818 0.296969696969697 0.10454545454545454 0.08484848484848485
0 0.9159090909090909 0.31212121212121213 0.049999999999999996 0.06666666666666667
2 0.18636363636363634 0.4818181818181818 0.13636363636363635 0.22424242424242424
2 0.634090909090909 0.46060606060606063 0.11363636363636363 0.24242424242424243
2 0.7772727272727272 0.5484848484848485 0.12727272727272726 0.28484848484848485
2 0.8772727272727272 0.41818181818181815 0.05454545454545454 0.12121212121212122
3 0.18181818181818182 0.9090909090909091 0.05454545454545454 0.07272727272727272
3 0.23409090909090907 0.8242424242424242 0.05909090909090909 0.048484848484848485
3 0.9681818181818181 0.8515151515151516 0.06363636363636363 0.04242424242424243
3 0.6068181818181818 0.8636363636363636 0.07727272727272727 0.030303030303030304
