0 0.88996138996139 0.26288659793814434 0.1891891891891892 0.16494845360824742
0 0.24903474903474904 0.23969072164948454 0.0888030888030888 0.07731958762886598
0 0.09266409266409267 0.15979381443298968 0.15444015444015444 0.15463917525773196
0 0.4922779922779923 0.21391752577319587 0.0501930501930502 0.04639175257731959
0 0.6621621621621622 0.35051546391752575 0.10424710424710425 0.13402061855670103
2 0.1003861003861004 0.5695876288659794 0.16988416988416988 0.520618556701031
2 0.23938223938223938 0.4768041237113402 0.1312741312741313 0.30412371134020616
2 0.5077220077220077 0.4252577319587629 0.11969111969111969 0.23195876288659795
2 0.38803088803088803 0.518041237113402 0.0501930501930502 0.13917525773195877
2 0.6930501930501931 0.5721649484536082 0.10424710424710425 0.28865979381443296
2 0.8301158301158301 0.7345360824742267 0.29343629343629346 0.5
