0 0.18727272727272729 0.33060109289617484 0.09090909090909091 0.07103825136612021
0 0.28545454545454546 0.3251366120218579 0.07636363636363637 0.09289617486338798
0 0.3618181818181818 0.32786885245901637 0.06909090909090909 0.09836065573770492
0 0.46 0.3251366120218579 0.06909090909090909 0.10382513661202186
0 0.5563636363636364 0.33060109289617484 0.08727272727272728 0.09289617486338798
0 0.64 0.3087431693989071 0.07272727272727272 0.07103825136612021
0 0.7109090909090909 0.30601092896174864 0.05454545454545454 0.09836065573770492
0 0.3181818181818182 0.5737704918032787 0.09090909090909091 0.07650273224043716
0 0.49272727272727274 0.5683060109289617 0.07636363636363637 0.07650273224043716
2 0.1781818181818182 0.5519125683060109 0.11636363636363636 0.273224043715847
2 0.28545454545454546 0.5273224043715847 0.09818181818181818 0.2459016393442623
2 0.37272727272727274 0.5327868852459017 0.09090909090909091 0.2568306010928962
2 0.4618181818181818 0.5355191256830601 0.10909090909090909 0.28415300546448086
2 0.5636363636363636 0.5218579234972678 0.10181818181818182 0.2568306010928962
2 0.649090909090909 0.5191256830601093 0.07636363636363637 0.28415300546448086
2 0.7363636363636363 0.5382513661202186 0.09818181818181818 0.2677595628415301
2 0.3054545454545455 0.8306010928961749 0.16 0.34972677595628415
2 0.4890909090909091 0.8360655737704918 0.14181818181818182 0.36065573770491804
